[array([[-0.000495, -0.000495,  0.000495, ...,  0.000495,  0.000495,
         0.000495],
       [ 0.000495, -0.000495, -0.000495, ...,  0.000495, -0.000495,
         0.000495],
       [-0.000495, -0.000495, -0.000495, ..., -0.000495,  0.000495,
         0.000495],
       ...,
       [ 0.000495,  0.000495,  0.000495, ...,  0.000495, -0.000495,
         0.000495],
       [ 0.000495,  0.000495,  0.000495, ...,  0.000495,  0.000495,
         0.000495],
       [ 0.000495,  0.000495,  0.000495, ..., -0.000495, -0.000495,
        -0.000495]], dtype=float32), array([ 3.7303912e-03,  1.5531221e-03,  2.2213063e-03,  1.7394498e-02,
        6.6255330e-04, -2.1905729e-03, -2.3192165e-03,  2.1161246e-03,
        6.3607884e-03, -1.3041496e-03,  1.0679637e-03,  3.2944605e-03,
       -6.6132215e-04, -3.7007162e-04, -6.5289000e-03,  8.7846583e-04,
       -1.3880336e-03,  9.0627698e-05,  2.0221174e-03, -2.7724940e-03,
       -1.2843207e-01, -4.5873434e-04, -1.3514446e-02,  2.9185379e-03,
       -2.8286763e-03,  2.3392229e-03, -3.9400021e-04,  1.7754925e-02,
       -2.9704664e-03, -6.4527695e-03,  4.3752231e-04, -2.7692677e-03,
        1.2612115e-03,  1.6874311e-03,  3.1797437e-04, -3.4940275e-03,
        7.4476777e-03, -3.0998322e-03, -3.7257082e-03,  5.9982138e-03,
       -2.5283219e-03, -4.7938484e-03,  1.4647793e-03, -3.0823947e-05,
       -4.4306107e-03,  5.4619880e-04,  2.8003198e-03,  3.8792349e-03,
       -2.6331863e-03,  2.3347377e-03], dtype=float32)]