[array([[-7.04674050e-04],
       [ 1.66734110e-03],
       [ 2.53501907e-03],
       [-1.00466348e-02],
       [-1.40751759e-03],
       [-3.20681953e-03],
       [ 1.10086636e-04],
       [ 1.50638260e-03],
       [ 1.93767843e-03],
       [-1.16754742e-03],
       [ 8.88555194e-04],
       [-1.35607575e-03],
       [ 1.90345047e-04],
       [-2.66071828e-03],
       [-1.02222129e-03],
       [ 4.12183348e-04],
       [-7.93734973e-04],
       [ 2.52761692e-03],
       [-1.50335394e-03],
       [-3.19986371e-04],
       [ 4.81457356e-03],
       [-1.57729187e-03],
       [ 6.86339103e-03],
       [-2.63203727e-03],
       [-2.03802250e-03],
       [ 9.92953079e-04],
       [-4.30251192e-03],
       [ 8.31262441e-05],
       [ 2.69410270e-03],
       [-1.19288662e-03],
       [-1.82582333e-03],
       [-2.56653363e-03],
       [-2.00217427e-03],
       [ 1.02699618e-03],
       [-1.10030337e-03],
       [ 1.48505496e-03],
       [-3.89699545e-03],
       [ 2.30822247e-03],
       [ 1.54092466e-03],
       [ 8.01179791e-04],
       [-2.55842786e-03],
       [ 1.56343251e-03],
       [ 4.84415970e-04],
       [-1.17712095e-03],
       [-1.51243049e-03],
       [ 6.68281922e-04],
       [ 1.85786281e-04],
       [ 5.71778335e-04],
       [-6.20152568e-04],
       [ 3.04903579e-03]], dtype=float32), array([0.03500805], dtype=float32)]