[array([[ 1.22932834e-04],
       [ 6.86992891e-04],
       [ 2.67729070e-03],
       [-3.24994791e-04],
       [ 9.96907614e-03],
       [ 3.28388414e-04],
       [ 8.47795280e-04],
       [ 2.49749478e-02],
       [ 3.71537823e-03],
       [ 1.99813815e-03],
       [ 1.50360365e-03],
       [-1.80318952e-04],
       [ 2.12625926e-03],
       [ 5.94374165e-03],
       [-2.77054450e-03],
       [-6.25825673e-03],
       [-3.65756941e-03],
       [ 9.40300524e-05],
       [-4.17810632e-04],
       [ 4.03624028e-04],
       [ 5.62741049e-03],
       [-4.09454806e-04],
       [-4.50571887e-02],
       [ 1.21180201e-03],
       [-2.09459104e-05],
       [ 1.16324015e-02],
       [ 1.59537084e-02],
       [-3.24217998e-03],
       [ 3.72102461e-03],
       [-4.95440885e-03],
       [ 1.41418295e-03],
       [ 1.47204846e-05],
       [ 5.51269390e-03],
       [ 3.72056058e-03],
       [ 3.53808166e-03],
       [-1.49393803e-03],
       [-1.92570884e-03],
       [-3.86517495e-05],
       [-1.66240949e-02],
       [ 6.50663511e-04],
       [-6.61685131e-04],
       [-1.16166566e-03],
       [-5.40447002e-03],
       [ 3.89174279e-03],
       [ 5.71233034e-03],
       [-3.67186265e-03],
       [-9.42869810e-04],
       [ 7.72694126e-04],
       [-1.00380555e-02],
       [ 1.27594396e-02]], dtype=float32), array([2.664528], dtype=float32)]