[array([[-8.9887518e-01],
       [ 6.0145758e-05],
       [ 1.0385627e+00],
       [-3.7595159e-01],
       [ 1.4382544e-01],
       [ 1.5709484e-05],
       [-4.7234993e-05],
       [ 1.9165418e-07],
       [-7.0305181e-01],
       [ 3.8673465e-05],
       [-7.5263990e-05],
       [-4.5247041e-05],
       [-2.7910037e-06],
       [ 3.8544815e-05],
       [ 8.3929384e-01],
       [ 6.6198118e-05],
       [-8.9011337e-06],
       [ 9.4593322e-01],
       [ 3.1323332e-05],
       [-2.3281675e-05],
       [ 2.3933208e-06],
       [ 9.8091197e-01],
       [-6.2843150e-01],
       [ 1.2308410e-05],
       [-4.0399435e-05],
       [-1.6267721e-05],
       [-8.9583147e-01],
       [ 3.8434133e-01],
       [ 3.8760325e-01],
       [ 1.0118936e-05],
       [ 9.1729903e-01],
       [-2.0637242e-05],
       [ 1.2180371e-05],
       [-6.0493101e-05],
       [ 9.7352535e-01],
       [-9.0216541e-01],
       [ 1.7685525e-06],
       [ 2.9114496e-03],
       [-1.8607643e-05],
       [ 5.9628397e-01],
       [-5.0002782e-05],
       [ 9.1790038e-01],
       [ 9.0405160e-01],
       [ 2.2710257e-05],
       [ 5.0794595e-05],
       [ 3.1320363e-01],
       [-8.1288511e-01],
       [-9.7946668e-01],
       [ 7.5503302e-01],
       [ 8.1480742e-01]], dtype=float32), array([0.21686761], dtype=float32)]