[array([[[ 1.0349602 , -0.50843257, -0.34995815,  0.08432637,
         -0.4081119 , -0.30614156,  0.74049294,  0.13611071]],

       [[ 1.212559  ,  0.3730786 ,  0.5092162 ,  1.14948   ,
          1.044225  ,  0.20035729,  0.49610177,  0.30214542]],

       [[ 0.0930884 , -0.18207681, -0.44378668,  0.888412  ,
          0.37704912,  0.84508795,  0.7126071 , -0.26869354]],

       [[-0.5728569 ,  0.18149072,  0.4462575 , -0.40489632,
         -0.0014134 ,  0.569955  , -0.18653587, -0.3422135 ]]],
      dtype=float32), array([-0.04792761,  0.00081153,  0.09549976, -0.00038363,  0.08912841,
       -0.05032475,  0.00923788,  0.00082554], dtype=float32)]