[array([[-6.41671643e-02],
       [ 1.04630217e-01],
       [ 9.96300206e-03],
       [ 2.45677754e-02],
       [-7.56661072e-02],
       [ 7.97189400e-02],
       [ 9.96343605e-03],
       [ 6.55206293e-02],
       [ 2.68338211e-02],
       [-3.15499529e-02],
       [ 1.96798500e-02],
       [-1.75860170e-02],
       [-1.73824234e-03],
       [ 1.09146439e-01],
       [ 1.39980912e-01],
       [ 5.38579598e-02],
       [-5.92566952e-02],
       [-3.08363084e-02],
       [-2.72375881e-03],
       [-1.98568642e-01],
       [ 5.75364102e-04],
       [ 2.87023373e-04],
       [-7.93041661e-03],
       [ 4.39663127e-04],
       [ 5.79453353e-03],
       [ 3.02851317e-04],
       [ 2.78137960e-02],
       [ 6.65600598e-02],
       [-6.59017591e-04],
       [-1.14303203e-02],
       [-6.75612539e-02],
       [-2.03319849e-03],
       [ 7.67037179e-03],
       [ 1.01393685e-01],
       [-4.17586327e-01],
       [ 9.54847783e-03],
       [ 4.80651520e-02],
       [ 1.20574646e-01],
       [ 6.86736926e-02],
       [-5.77690750e-02],
       [-1.50445467e-02],
       [-4.20168191e-02],
       [ 1.12224389e-02],
       [ 7.22914748e-03],
       [-4.84101996e-02],
       [ 7.60021794e-04],
       [-1.15085848e-01],
       [ 1.17558435e-01],
       [-9.86508578e-02],
       [-6.89580068e-02]], dtype=float32), array([0.29152614], dtype=float32)]