[array([[-6.1118329e-01],
       [-3.1867877e-01],
       [-4.3482432e-01],
       [-4.8695460e-01],
       [-5.2912533e-01],
       [ 4.0148339e-01],
       [ 5.2397656e-01],
       [ 2.9587299e-01],
       [ 4.2395502e-01],
       [ 3.3953694e-01],
       [-6.4176106e-01],
       [ 4.7420406e-01],
       [ 4.3278256e-01],
       [ 5.1363927e-01],
       [-5.5070508e-01],
       [ 4.7753736e-01],
       [-6.3315326e-01],
       [-4.8475033e-01],
       [-5.2446890e-01],
       [ 5.0202250e-01],
       [ 4.7769269e-01],
       [-6.3893569e-01],
       [ 7.2915888e-01],
       [ 6.4386129e-01],
       [ 4.2179424e-01],
       [ 7.8443003e-01],
       [-3.9815521e-01],
       [ 4.5287624e-01],
       [-2.1605908e-04],
       [-6.1763066e-01],
       [-6.8992817e-01],
       [-5.6447059e-01],
       [-5.5817819e-01],
       [ 3.6860818e-01],
       [ 4.1266140e-01],
       [-5.8993900e-01],
       [-5.7183200e-01],
       [ 6.7206490e-01],
       [ 7.2341156e-01],
       [ 1.6416247e-01],
       [ 6.3373429e-01],
       [ 8.5223496e-01],
       [ 5.6760478e-01],
       [-5.4192257e-01],
       [ 6.6109461e-01],
       [ 6.3499552e-01],
       [-7.7842891e-01],
       [-4.3386510e-01],
       [-6.0340089e-01],
       [-6.3036126e-01]], dtype=float32), array([0.05703749], dtype=float32)]